[¼ì²â²ÎÊý]
AbsThreshold1=20.000000
VarThreshold1=25.000000
AbsThreshold2=20.000000
VarThreshold2=21.000000
AbsThreshold3=20.000000
VarThreshold3=21.000000
AbsThreshold4=20.000000
VarThreshold4=19.000000
MinThreshold=0.377000
MaxThreshold=50.000000
MinThreshold2=-24.480000
MaxThreshold2=67.419998
MinThreshold1=0.377000
MaxThreshold1=50.000000
